Task1_LSE=7834808.909874972
Task2_Model1_m=22.6,b=169.2,LSE=100546566842.08002
Task2_Model2_m=23.1,b=168.1,LSE=109207288696.52
Task2_Model3_m=23.42,b=167.7,LSE=114938606007.88004
Task3_m_hat=10.62219545781523,b_hat=1383.4713801253529,pred_0=1383.4713801253529,pred_7500=81049.93731373959
Task4_J_hat=2229848.937707674
